1 10 75
10 11 11
11 9 0
9 2 188
1 8 476
8 9 0
1 12 24
12 13 47
13 9 0
10 14 1
14 9 0
10 15 5
15 9 0
8 24 0
24 25 0
25 3 223
8 19 0
19 20 0
20 3 307
8 17 0
17 3 1400
17 25 0
17 22 0
12 26 0
26 27 0
27 4 325
11 27 0
10 28 0
28 27 0
26 29 0
29 4 569
1 16 40
16 30 0
30 31 0
31 4 1400
16 32 0
32 33 0
33 5 637
12 34 0
34 33 0
1 35 156
35 34 0
10 36 0
36 37 0
37 5 146
12 38 0
38 37 0
19 6 647
14 19 0
15 19 0
8 39 0
39 19 0
8 40 0
40 41 0
41 6 47
10 42 0
42 43 0
43 7 119
10 44 0
44 43 0
15 43 0
10 45 0
45 46 0
46 7 576
2 47 688
47 48 0
48 3 203
2 49 776
49 22 0
22 3 278
49 25 0
49 20 0
49 50 0
50 3 363
9 51 0
51 4 659
2 52 79
52 51 0
52 53 0
53 4 718
2 54 76
54 55 0
55 4 829
49 53 0
49 37 0
54 33 0
2 56 354
56 37 0
37 5 510
49 57 0
57 5 1200
54 58 0
58 37 0
49 40 0
40 6 897
9 40 0
59 6 954
56 60 0
60 6 910
49 59 0
54 61 0
61 43 0
54 62 0
62 43 0
54 63 0
63 43 0
9 64 0
64 43 0
9 65 0
65 43 0
22 3 225
22 53 0
50 53 0
22 55 0
50 51 0
20 37 0
22 37 0
50 66 0
66 5 696
22 57 0
25 68 0
68 67 0
67 5 621
25 60 0
60 6 910
22 40 0
20 69 0
3 70 579
70 41 0
22 59 0
20 71 0
71 72 0
72 43 0
17 64 0
22 71 0
20 33 0
33 73 0
73 72 261
33 72 0
53 33 0
51 33 0
29 67 0
29 33 0
53 58 0
51 40 0
51 59 0
29 59 0
53 40 0
74 4 570
74 59 0
53 61 0
61 43 0
53 62 0
62 43 0
53 63 0
75 4 1300
75 73 0
55 72 0
37 77 4
77 43 0
37 28 0
38 43 0
37 76 0
76 43 0
37 60 0
33 60 0
37 78 0
78 60 0
37 79 0
79 60 0
43 80 0
80 40 0
77 59 0
43 65 0
65 40 0
43 15 0
15 40 0
43 64 0
64 40 0
13 27 0
