1 10 1
10 11 28
11 9 62
9 2 2
1 8 6
8 9 87
1 12 1
12 13 36
13 9 56
10 14 35
14 9 60
10 15 28
15 9 66
8 24 49
24 25 46
25 3 2
8 19 72
19 20 18
20 3 4
8 17 78
17 3 18
17 25 14
17 22 18
12 26 36
26 27 48
27 4 4
11 27 54
10 28 33
28 27 56
26 29 56
29 4 7
1 16 1
16 30 22
30 31 44
31 4 19
16 32 16
32 33 34
33 5 8
12 34 21
34 33 29
1 35 2
35 34 21
10 36 26
36 37 48
37 5 1
12 38 35
38 37 41
19 6 8
14 19 46
15 19 52
8 39 11
39 19 62
8 40 75
40 41 11
41 6 1
10 42 22
42 43 19
43 7 1
10 44 32
44 43 11
15 43 24
10 45 25
45 46 21
46 7 7
2 47 9
47 48 12
48 3 2
2 49 10
49 22 11
22 3 3
49 25 15
49 20 13
49 50 11
50 3 4
9 51 15
51 4 8
2 52 1
52 51 14
52 53 18
53 4 9
2 54 1
54 55 15
55 4 11
49 53 15
49 37 33
54 33 27
2 56 4
56 37 37
37 5 6
49 57 30
57 5 16
54 58 24
58 37 17
49 40 17
40 6 11
9 40 17
59 6 12
56 60 23
60 6 12
49 59 22
54 61 59
61 43 35
54 62 57
62 43 41
54 63 65
63 43 37
9 64 61
64 43 28
9 65 52
65 43 45
22 3 3
22 53 18
50 53 18
22 55 18
50 51 20
20 37 33
22 37 37
50 66 32
66 5 9
22 57 34
25 68 24
68 67 15
67 5 8
25 60 20
60 6 12
22 40 20
20 69 18
3 70 7
70 41 14
22 59 26
20 71 23
71 72 52
72 43 21
17 64 56
22 71 27
20 33 26
33 73 45
73 72 3
33 72 46
53 33 19
51 33 29
29 67 31
29 33 26
53 58 16
51 40 22
51 59 25
29 59 18
53 40 20
74 4 7
74 59 15
53 61 51
61 43 35
53 62 50
62 43 41
53 63 57
75 4 16
75 73 55
55 72 61
37 77 56
77 43 18
37 28 41
38 43 38
37 76 62
76 43 23
37 60 20
33 60 19
37 78 14
78 60 14
37 79 15
79 60 15
43 80 28
80 40 53
77 59 63
43 65 44
65 40 44
43 15 27
15 40 55
43 64 27
64 40 59
13 27 48
