1 10 0
10 11 2
11 9 4
9 2 0
1 8 0
8 9 6
1 12 0
12 13 2
13 9 4
10 14 2
14 9 4
10 15 2
15 9 5
8 24 2
24 25 4
25 3 0
8 19 5
19 20 2
20 3 0
8 17 5
17 3 0
17 25 2
17 22 2
12 26 3
26 27 2
27 4 0
11 27 4
10 28 2
28 27 4
26 29 3
29 4 0
1 16 0
16 30 2
30 31 5
31 4 0
16 32 2
32 33 4
33 5 0
12 34 3
34 33 3
1 35 0
35 34 3
10 36 2
36 37 3
37 5 0
12 38 2
38 37 3
19 6 0
14 19 4
15 19 4
8 39 2
39 19 5
8 40 5
40 41 2
41 6 0
10 42 2
42 43 2
43 7 0
10 44 2
44 43 2
15 43 2
10 45 2
45 46 2
46 7 0
2 47 0
47 48 2
48 3 0
2 49 0
49 22 2
22 3 0
49 25 2
49 20 2
49 50 2
50 3 0
9 51 2
51 4 0
2 52 0
52 51 2
52 53 2
53 4 0
2 54 0
54 55 2
55 4 0
49 53 2
49 37 2
54 33 2
2 56 0
56 37 2
37 5 0
49 57 2
57 5 0
54 58 2
58 37 2
49 40 2
40 6 0
9 40 2
59 6 0
56 60 2
60 6 0
49 59 2
54 61 4
61 43 2
54 62 4
62 43 2
54 63 4
63 43 2
9 64 5
64 43 2
9 65 3
65 43 4
22 3 0
22 53 2
50 53 2
22 55 2
50 51 2
20 37 2
22 37 2
50 66 2
66 5 0
22 57 2
25 68 2
68 67 2
67 5 0
25 60 2
60 6 0
22 40 2
20 69 2
3 70 0
70 41 2
22 59 2
20 71 2
71 72 3
72 43 2
17 64 4
22 71 2
20 33 2
33 73 3
73 72 0
33 72 3
53 33 2
51 33 2
29 67 2
29 33 2
53 58 2
51 40 2
51 59 2
29 59 2
53 40 2
74 4 0
74 59 2
53 61 4
61 43 2
53 62 2
62 43 4
53 63 4
75 4 0
75 73 4
55 72 4
37 77 4
77 43 2
37 28 4
38 43 2
37 76 4
76 43 2
37 60 2
33 60 2
37 78 2
78 60 2
37 79 2
79 60 2
43 80 2
80 40 4
77 59 4
43 65 3
65 40 2
43 15 2
15 40 4
43 64 2
64 40 4
13 27 3
