1 10 0
10 11 1
11 9 1
9 2 0
1 8 0
8 9 1
1 12 0
12 13 1
13 9 1
10 14 1
14 9 1
10 15 1
15 9 1
8 24 1
24 25 1
25 3 0
8 19 1
19 20 1
20 3 0
8 17 1
17 3 0
17 25 1
17 22 1
12 26 1
26 27 1
27 4 0
11 27 1
10 28 1
28 27 1
26 29 1
29 4 0
1 16 0
16 30 1
30 31 1
31 4 0
16 32 1
32 33 1
33 5 0
12 34 1
34 33 1
1 35 0
35 34 1
10 36 1
36 37 1
37 5 0
12 38 1
38 37 1
19 6 0
14 19 1
15 19 1
8 39 1
39 19 1
8 40 1
40 41 1
41 6 0
10 42 1
42 43 1
43 7 0
10 44 1
44 43 1
15 43 1
10 45 1
45 46 1
46 7 0
2 47 0
47 48 1
48 3 0
2 49 0
49 22 1
22 3 0
49 25 1
49 20 1
49 50 1
50 3 0
9 51 1
51 4 0
2 52 0
52 51 1
52 53 1
53 4 0
2 54 0
54 55 1
55 4 0
49 53 1
49 37 1
54 33 1
2 56 0
56 37 1
37 5 0
49 57 1
57 5 0
54 58 1
58 37 1
49 40 1
40 6 0
9 40 1
59 6 0
56 60 1
60 6 0
49 59 1
54 61 1
61 43 1
54 62 1
62 43 1
54 63 1
63 43 1
9 64 1
64 43 1
9 65 1
65 43 1
22 3 0
22 53 1
50 53 1
22 55 1
50 51 1
20 37 1
22 37 1
50 66 1
66 5 0
22 57 1
25 68 1
68 67 1
67 5 0
25 60 1
60 6 0
22 40 1
20 69 1
3 70 0
70 41 1
22 59 1
20 71 1
71 72 1
72 43 1
17 64 1
22 71 1
20 33 1
33 73 1
73 72 0
33 72 1
53 33 1
51 33 1
29 67 1
29 33 1
53 58 1
51 40 1
51 59 1
29 59 1
53 40 1
74 4 0
74 59 1
53 61 1
61 43 1
53 62 1
62 43 1
53 63 1
75 4 0
75 73 1
55 72 1
37 77 1
77 43 1
37 28 1
38 43 1
37 76 1
76 43 1
37 60 1
33 60 1
37 78 1
78 60 1
37 79 1
79 60 1
43 80 1
80 40 1
77 59 1
43 65 1
65 40 1
43 15 1
15 40 1
43 64 1
64 40 1
13 27 1
