1 10 1
10 11 2
11 9 3
9 2 4
1 8 5
8 9 6
1 12 7
12 13 8
13 9 9
10 14 10
14 9 11
10 15 12
15 9 13
8 24 14
24 25 15
25 3 16
8 19 17
19 20 18
20 3 19
8 17 20
17 3 21
17 25 22
17 22 23
12 26 24
26 27 25
27 4 26
11 27 27
10 28 28
28 27 29
26 29 30
29 4 31
1 16 32
16 30 33
30 31 34
31 4 35
16 32 36
32 33 37
33 5 38
12 34 39
34 33 40
1 35 41
35 34 42
10 36 43
36 37 44
37 5 45
12 38 46
38 37 47
19 6 48
14 19 49
15 19 50
8 39 51
39 19 52
8 40 53
40 41 54
41 6 55
10 42 56
42 43 57
43 7 58
10 44 59
44 43 60
15 43 61
10 45 62
45 46 63
46 7 64
2 47 65
47 48 66
48 3 67
2 49 68
49 22 69
22 3 70
49 25 71
49 20 72
49 50 73
50 3 74
9 51 75
51 4 76
2 52 77
52 51 78
52 53 79
53 4 80
2 54 81
54 55 82
55 4 83
49 53 84
49 37 85
54 33 86
2 56 87
56 37 88
37 5 89
49 57 90
57 5 91
54 58 92
58 37 93
49 40 94
40 6 95
9 40 96
59 6 97
56 60 98
60 6 99
49 59 100
54 61 101
61 43 102
54 62 103
62 43 104
54 63 105
63 43 106
9 64 107
64 43 108
9 65 109
65 43 110
22 3 111
22 53 112
50 53 113
22 55 114
50 51 115
20 37 116
22 37 117
50 66 118
66 5 119
22 57 120
25 68 121
68 67 122
67 5 123
25 60 124
60 6 125
22 40 126
20 69 127
3 70 128
70 41 129
22 59 130
20 71 131
71 72 132
72 43 133
17 64 134
22 71 135
20 33 136
33 73 137
73 72 138
33 72 139
53 33 140
51 33 141
29 67 142
29 33 143
53 58 144
51 40 145
51 59 146
29 59 147
53 40 148
74 4 149
74 59 150
53 61 151
61 43 152
53 62 153
62 43 154
53 63 155
75 4 156
75 73 157
55 72 158
37 77 159
77 43 160
37 28 161
38 43 162
37 76 163
76 43 164
37 60 165
33 60 166
37 78 167
78 60 168
37 79 169
79 60 170
43 80 171
80 40 172
77 59 173
43 65 174
65 40 175
43 15 176
15 40 177
43 64 178
64 40 179
13 27 180
